76561197960270969
76561197960273040
76561197960273963
76561197960281451
76561197960281580
76561197960288321
76561197960288871
76561197960321089
76561197960323286
76561197960331076
76561197960358428
76561197960375927
76561197960382814
76561197960383788
76561197960384369
76561197960385225
76561197960399017
76561197960402888
76561197960403695
76561197960406907
76561197960410235
76561197960412006
76561197960416042
76561197960423184
76561197960434415
76561197960437127
76561197960443160
76561197960447568
76561197960455816
76561197960462820
76561197960472393
76561197960510228
76561197960510890
76561197960514574
76561197960526605
76561197960535028
76561197960539564
76561197960573221
76561197960580435
76561197960642392
76561197960647278
76561197960665037
76561197960673419
76561197960701823
76561197960706792
76561197960760285
76561197960776187
76561197960785083
76561197960847952
76561197960850754
76561197960864228
76561197960867529
76561197960870092
76561197960875825
76561197960941503
76561197960957024
76561197960957987
76561197961013490
76561197961039900
76561197961103331
76561197961112919
76561197961117593
76561197961206859
76561197961230622
76561197961260256
76561197961307273
76561197961334199
76561197961365647
76561197961427361
76561197961435692
76561197961478164
76561197961484285
76561197961547407
76561197961549170
76561197961626494
76561197961655594
76561197961835101
76561197961838161
76561197961903576
76561197961909904
76561197961963155
76561197962042098
76561197962083122
76561197962124359
76561197962129132
76561197962245234
76561197962399269
76561197962487845
76561197962514855
76561197962579254
76561197962624598
76561197962638763
76561197962682912
76561197962682929
76561197962747442
76561197962819242
76561197962926044
76561197963002141
76561197963079930
76561197963111476
76561197963316835
76561197963358361
76561197963436536
76561197963494020
76561197963514170
76561197963544348
76561197963629818
76561197963695366
76561197963791361
76561197963880889
76561197964178108
76561197964322640
76561197964325064
76561197964598763
76561197964658595
76561197964672255
76561197964684548
76561197964757379
76561197964758625
76561197964793570
76561197964814974
76561197964923078
76561197965058662
76561197965124845
76561197965128167
76561197965169552
76561197965281818
76561197965310374
76561197965331651
76561197965339253
76561197965445240
76561197965471294
76561197965508565
76561197965653184
76561197965845567
76561197965986418
76561197965989164
76561197966020269
76561197966061091
76561197966206379
76561197966209386
76561197966244188
76561197966469884
76561197966480087
76561197966527892
76561197966534704
76561197966550133
76561197966556867
76561197966557268
76561197966729911
76561197966755036
76561197966776887
76561197966791560
76561197966831086
76561197966912356
76561197967077996
76561197967112014
76561197967214955
76561197967216088
76561197967370369
76561197967394165
76561197967422743
76561197967442721
76561197967458744
76561197967469651
76561197967492129
76561197967507597
76561197967522300
76561197967638561
76561197967654590
76561197967700194
76561197967773162
76561197967815220
76561197967815565
76561197967999442
76561197968029152
76561197968076287
76561197968097882
76561197968126189
76561197968128251
76561197968159640
76561197968204257
76561197968226264
76561197968255731
76561197968270590
76561197968273156
76561197968280637
76561197968298773
76561197968351407
76561197968355131
76561197968355759
76561197968357943
76561197968380223
76561197968449887
76561197968465662
76561197968526748
76561197968541028
76561197968544929
76561197968563563
76561197968592122
76561197968612510
76561197968622400
76561197968658003
76561197968675658
76561197968814736
76561197968870701
76561197968945836
76561197968957072
76561197968961479
76561197969039669
76561197969055145
76561197969129593
76561197969182248
76561197969185925
76561197969216406
76561197969245013
76561197969249977
76561197969340056
76561197969346414
76561197969361660
76561197969362492
76561197969386250
76561197969386685
76561197969386737
76561197969415211
76561197969432125
76561197969445776
76561197969455990
76561197969517361
76561197969517550
76561197969520868
76561197969554850
76561197969572681
76561197969584402
76561197969597072
76561197969824782
76561197969825933
76561197969901878
76561197969939551
76561197970027095
76561197970077070
76561197970078090
76561197970109141
76561197970111162
76561197970181963
76561197970213950
76561197970258594
76561197970270480
76561197970302206
76561197970307009
76561197970307703
76561197970312099
76561197970313551
76561197970328510
76561197970330046
76561197970331463
76561197970334838
76561197970342223
76561197970353112
76561197970353674
76561197970357750
76561197970367265
76561197970368997
76561197970371007
76561197970376620
76561197970378767
76561197970390038
76561197970397284
76561197970398878
76561197970399082
76561197970402040
76561197970418868
76561197970425002
76561197970429462
76561197970485286
76561197970490470
76561197970502243
76561197970503604
76561197970507080
76561197970510166
76561197970517283
76561197970523352
76561197970535729
76561197970538033
76561197970546764
76561197970556745
76561197970567603
76561197970575453
76561197970579091
76561197970580162
76561197970604046
76561197970625828
76561197970639300
76561197970647331
76561197970658403
76561197970663430
76561197970666351
76561197970669971
76561197970674997
76561197970678227
76561197970682872
76561197970692589
76561197970709091
76561197970738323
76561197970749361
76561197970750059
76561197970750735
76561197970768272
76561197970802230
76561197970821842
76561197970834402
76561197970851157
76561197970862065
76561197970884192
76561197970889315
76561197970922437
76561197970998381
76561197971014779
76561197971054126
76561197971061146
76561197971070783
76561197971084546
76561197971085986
76561197971111834
76561197971151669
76561197971158734
76561197971179101
76561197971187121
76561197971215515
76561197971219736
76561197971291591
76561197971294566
76561197971307301
76561197971418429
76561197971477301
76561197971558991
76561197971570287
76561197971586239
76561197971590373
76561197971668350
76561197971673550
76561197971698005
76561197971726723
76561197971808250
76561197971874574
76561197971886530
76561197971920176
76561197971935359
76561197972044740
76561197972057182
76561197972059446
76561197972083618
76561197972092147
76561197972104029
76561197972107994
76561197972148898
76561197972174830
76561197972202752
76561197972217065
76561197972217883
76561197972305289
76561197972305657
76561197972317502
76561197972385164
76561197972406124
76561197972429531
76561197972451894
76561197972463333
76561197972497529
76561197972535049
76561197972603040
76561197972669410
76561197972709981
76561197972760323
76561197973468057
76561197973543697
76561197973547832
76561197973792250
76561197973799564
76561197974049568
76561197974064583
76561197974118935
76561197974167437
76561197974286812
76561197974368831
76561197974462753
76561197974497919
76561197974552808
76561197974657137
76561197974902384
76561197974905091
76561197975095545
76561197975112232
76561197975124831
76561197975193560
76561197975324667
76561197975331788
76561197975402189
76561197975428584
76561197975450136
76561197975491740
76561197975681838
76561197975719939
76561197975864298
76561197975911598
76561197976166323
76561197976234474
76561197976332995
76561197976367347
76561197976397802
76561197976500959
76561197976607087
76561197976827298
76561197976992256
76561197977014226
76561197977131407
76561197977149024
76561197977177949
76561197977197499
76561197977219328
76561197977321026
76561197977325732
76561197977395610
76561197977463254
76561197977595889
76561197977721417
76561197977857399
76561197977882350
76561197978177371
76561197978338416
76561197978360494
76561197978367109
76561197978476504
76561197978519715
76561197978614993
76561197978705200
76561197978760300
76561197978761138
76561197978798820
76561197978966752
76561197978973836
76561197979018231
76561197979020018
76561197979059406
76561197979084213
76561197979146340
76561197979252572
76561197979445690
76561197979462349
76561197979523514
76561197979666103
76561197979752834
76561197979825645
76561197979851582
76561197979898861
76561197979918188
76561197979953970
76561197979959556
76561197980006766
76561197980059809
76561197980098927
76561197980291566
76561197980293860
76561197980570634
76561197980621948
76561197980625491
76561197980638659
76561197980663889
76561197980686430
76561197980700488
76561197980722721
76561197980848393
76561197980966999
76561197980969719
76561197980988083
76561197981064032
76561197981142609
76561197981265291
76561197981273655
76561197981390341
76561197981507240
76561197981633275
76561197981665726
76561197981693876
76561197981875969
76561197982187498
76561197982416353
76561197982427084
76561197982509066
76561197982559548
76561197982596253
76561197982614798
76561197982699539
76561197982821619
76561197982862105
76561197982929886
76561197982959358
76561197983141661
76561197983204103
76561197983265816
76561197983292176
76561197983420229
76561197983457906
76561197983562778
76561197983608283
76561197983644601
76561197983662981
76561197983860494
76561197983885181
76561197983900796
76561197983935290
76561197983941592
76561197983967733
76561197983981552
76561197983989262
76561197983990724
76561197984009885
76561197984071091
76561197984114562
76561197984152374
76561197984176046
76561197984246689
76561197984286960
76561197984337203
76561197984340575
76561197984358433
76561197984531129
76561197984545066
76561197984556598
76561197984673677
76561197984747627
76561197984763507
76561197984804628
76561197984989897
76561197985005892
76561197985027274
76561197985106190
76561197985197173
76561197985209709
76561197985210258
76561197985213129
76561197985256500
76561197985366536
76561197985367688
76561197985500604
76561197985507310
76561197985804439
76561197985889453
76561197986455060
76561197986734298
76561197986809741
76561197986826268
76561197986838884
76561197986916912
76561197987166167
76561197987215724
76561197987280390
76561197987358915
76561197987791219
76561197988044995
76561197988064223
76561197988077767
76561197988132901
76561197988239434
76561197988311448
76561197988313504
76561197988393428
76561197988475388
76561197988482558
76561197989159507
76561197989262733
76561197989291151
76561197989358458
76561197989485065
76561197989568180
76561197989603836
76561197989626978
76561197989635398
76561197989702057
76561197989775013
76561197989792915
76561197989866125
76561197989915563
76561197989922410
76561197990014436
76561197990046456
76561197990059548
76561197990072261
76561197990118607
76561197990144617
76561197990164278
76561197990165185
76561197990176020
76561197990226255
76561197990237154
76561197990255324
76561197990308371
76561197990408470
76561197990412697
76561197990421523
76561197990463850
76561197990572567
76561197990645694
76561197990660470
76561197990706536
76561197990747259
76561197990788447
76561197990810737
76561197990858168
76561197990876709
76561197990878378
76561197990883571
76561197990989428
76561197990990638
76561197991101582
76561197991112847
76561197991138438
76561197991154721
76561197991161270
76561197991243081
76561197991258435
76561197991268280
76561197991330234
76561197991484741
76561197991611017
76561197991614146
76561197991619341
76561197991692170
76561197991693356
76561197991693595
76561197991739868
76561197991783334
76561197991783929
76561197991840096
76561197991910271
76561197992043117
76561197992163977
76561197992193164
76561197992195845
76561197992243720
76561197992336227
76561197992379305
76561197992443879
76561197992493152
76561197992494309
76561197992600715
76561197992672502
76561197992674948
76561197992685957
76561197992717801
76561197992778544
76561197992810232
76561197992866955
76561197992867690
76561197992868840
76561197992892233
76561197992913416
76561197993026916
76561197993033457
76561197993047264
76561197993066380
76561197993104651
76561197993148381
76561197993179387
76561197993181225
76561197993196611
76561197993210051
76561197993222612
76561197993226748
76561197993234142
76561197993274406
76561197993280014
76561197993317342
76561197993323924
76561197993350467
76561197993372174
76561197993394019
76561197993399297
76561197993402681
76561197993431247
76561197993445299
76561197993460394
76561197993462429
76561197993485063
76561197993522322
76561197993544446
76561197993558964
76561197993562656
76561197993620405
76561197993621857
76561197993664283
76561197993670315
76561197993733189
76561197993787863
76561197993790788
76561197993815843
76561197993895902
76561197993898693
76561197993922101
76561197993937664
76561197993941298
76561197993945552
76561197993963078
76561197994082583
76561197994167394
76561197994192133
76561197994205376
76561197994359393
76561197994383545
76561197994392985
76561197994395613
76561197994399791
76561197994427034
76561197994444616
76561197994457455
76561197994544499
76561197994649071
76561197994683085
76561197994706915
76561197994744416
76561197994826519
76561197994827192
76561197994874258
76561197994922316
76561197995067822
76561197995118024
76561197995140889
76561197995154137
76561197995161371
76561197995161813
76561197995248607
76561197995256630
76561197995257379
76561197995360548
76561197995386954
76561197995500381
76561197995524758
76561197995576344
76561197995628231
76561197995651003
76561197995693182
76561197995698144
76561197995698462
76561197995747309
76561197995776885
76561197995777983
76561197995784547
76561197995817751
76561197996042752
76561197996043865
76561197996070535
76561197996139669
76561197996154057
76561197996161419
76561197996207751
76561197996298691
76561197996305414
76561197996309909
76561197996390175
76561197996433183
76561197996501124
76561197996524744
76561197996542730
76561197996547468
76561197996684068
76561197996740664
76561197996809178
76561197996818463
76561197996889518
76561197996908192
76561197996923417
76561197996928000
76561197996951304
76561197997008600
76561197997088478
76561197997089654
76561197997119327
76561197997151944
76561197997159902
76561197997232183
76561197997327728
76561197997356829
76561197997449815
76561197997511418
76561197997532481
76561197997596644
76561197997770206
76561197997894875
76561197997936753
76561197997960877
76561197998022827
76561197998050491
76561197998051488
76561197998118312
76561197998153661
76561197998158337
76561197998164878
76561197998216507
76561197998253190
76561197998324356
76561197998569948
76561197998571536
76561197998585068
76561197998601576
76561197998626259
76561197998654426
76561197998698863
76561197998732032
76561197998782526
76561197998858590
76561197998960675
76561197999208263
76561197999208825
76561197999211529
76561197999221206
76561197999346481
76561197999350506
76561197999352001
76561197999413151
76561197999438509
76561197999445856
76561197999584905
76561197999607149
76561197999716804
76561197999772917
76561197999817456
76561197999866288
76561197999973051
76561198000091445
76561198000135799
76561198000141413
76561198000178678
76561198000276442
76561198000302321
76561198000319423
76561198000427827
76561198000527232
76561198000586715
76561198000615550
76561198000623848
76561198000724542
76561198000769806
76561198000868466
76561198000877395
76561198001000391
76561198001000773
76561198001000909
76561198001059618
76561198001259375
76561198001310229
76561198001322825
76561198001322887
76561198001325229
76561198001387348
76561198001419205
76561198001471216
76561198001566069
76561198001588730
76561198001649763
76561198001651211
76561198001660788
76561198001664081
76561198001737771
76561198001807197
76561198001807631
76561198001829069
76561198001937117
76561198001956153
76561198002062454
76561198002070889
76561198002137631
76561198002158457
76561198002161807
76561198002209072
76561198002236299
76561198002237403
76561198002240659
76561198002295227
76561198002385573
76561198002404959
76561198002506423
76561198002513164
76561198002524027
76561198002548026
76561198002557842
76561198002559054
76561198002559727
76561198002606570
76561198002755424
76561198002799356
76561198002870619
76561198002964385
76561198003100316
76561198003208214
76561198003209297
76561198003233771
76561198003538750
76561198003548914
76561198003617562
76561198003631110
76561198003640212
76561198003728860
76561198003762243
76561198003866738
76561198003899633
76561198003920293
76561198003949066
76561198004054878
76561198004539569
76561198004655231
76561198004774374
76561198004814715
76561198004870875
76561198004980023
76561198005041670
76561198005149427
76561198005185103
76561198005298649
76561198005350743
76561198005507983
76561198005643893
76561198005730929
76561198005858140
76561198005920178
76561198006035430
76561198006074734
76561198006215075
76561198006303909
76561198006317881
76561198006347536
76561198006361881
76561198006582745
76561198006585504
76561198006666238
76561198006687243
76561198006789696
76561198006849867
76561198006887136
76561198006964890
76561198006973716
76561198007183838
76561198007218654
76561198007226581
76561198007264508
76561198007278483
76561198007280948
76561198007499934
76561198007619258
76561198007815335
76561198007845597
76561198008037678
76561198008093995
76561198008101589
76561198008115081
76561198008152727
76561198008342296
76561198008454817
76561198008509074
76561198008595608
76561198008623573
76561198008787810
76561198008823267
76561198008963802
76561198008985422
76561198009021892
76561198009090293
76561198009110972
76561198009307557
76561198009313477
76561198009355655
76561198009356687
76561198009360040
76561198009360882
76561198009374580
76561198009391615
76561198009394035
76561198009411010
76561198009439666
76561198009483307
76561198009517906
76561198009577838
76561198009623993
76561198009650868
76561198009653336
76561198009654584
76561198009671336
76561198009673964
76561198009691517
76561198009700424
76561198009742597
76561198009843281
76561198009856456
76561198009913328
76561198009918553
76561198009934932
76561198009950680
76561198010046946
76561198010061733
76561198010091638
76561198010142434
76561198010167656
76561198010203032
76561198010204234
76561198010211822
76561198010403362
76561198010526350
76561198010594685
76561198010707847
76561198010799865
76561198010827386
76561198010877721
76561198010928169
76561198010953464
76561198011031064
76561198011032946
76561198011151970
76561198011176554
76561198011209684
76561198011387158
76561198011396554
76561198011444099
76561198011481807
76561198011568886
76561198011569819
76561198011613818
76561198011621638
76561198011639380
76561198011659617
76561198011794195
76561198011845242
76561198011889588
76561198011933258
76561198011995956
76561198012015546
76561198012067361
76561198012084873
76561198012096027
76561198012174566
76561198012196382
76561198012219490
76561198012274036
76561198012303874
76561198012333843
76561198012367252
76561198012404811
76561198012490676
76561198012653968
76561198012690836
76561198012736376
76561198012779977
76561198012791773
76561198012806936
76561198012832172
76561198012877636
76561198012902673
76561198012964385
76561198013053007
76561198013085480
76561198013119989
76561198013196620
76561198013255045
76561198013367911
76561198013395638
76561198013424128
76561198013560851
76561198013602576
76561198013630815
76561198013676625
76561198013792101
76561198014038623
76561198014067896
76561198014098663
76561198014493379
76561198014523760
76561198014560961
76561198014637571
76561198014675766
76561198014678911
76561198014694900
76561198014697735
76561198014889023
76561198014932334
76561198014942120
76561198014977810
76561198014987267
76561198015035892
76561198015037629
76561198015166656
76561198015237532
76561198015263892
76561198015434831
76561198015514966
76561198015615980
76561198015681283
76561198015820051
76561198015821943
76561198015843425
76561198015880619
76561198016238415
76561198016390158
76561198016504503
76561198016509534
76561198016585155
76561198016708411
76561198016729930
76561198017025480
76561198017068494
76561198017117833
76561198017192954
76561198017262679
76561198017320277
76561198017320452
76561198017438016
76561198017839475
76561198017862899
76561198017959240
76561198018016418
76561198018341370
76561198018434869
76561198018447624
76561198018533644
76561198018580516
76561198018728006
76561198018747219
76561198018771271
76561198018820962
76561198018823752
76561198018841337
76561198018895750
76561198018912267
76561198019145072
76561198019297669
76561198019330742
76561198019491701
76561198019491829
76561198019686308
76561198019960378
76561198020051628
76561198020275527
76561198020393977
76561198020592756
76561198020620612
76561198020657447
76561198020662047
76561198020987176
76561198021145074
76561198021151878
76561198021296421
76561198021415998
76561198021421124
76561198021700320
76561198021748617
76561198021936322
76561198021940873
76561198022112911
76561198022176019
76561198022411107
76561198022417273
76561198022560855
76561198022602172
76561198022974351
76561198023117564
76561198023448856
76561198023581012
76561198023594531
76561198023615040
76561198024311271
76561198024332742
76561198024348110
76561198024353758
76561198024406571
76561198024409874
76561198024451566
76561198024470566
76561198024474304
76561198024630044
76561198024682320
76561198024684046
76561198024722848
76561198024732244
76561198024759191
76561198024814370
76561198024839023
76561198024919791
76561198024937219
76561198024953845
76561198024955991
76561198024978690
76561198024982417
76561198024983909
76561198024987851
76561198024990987
76561198024999336
76561198025001286
76561198025008641
76561198025009503
76561198025023650
76561198025030402
76561198025032725
76561198025037521
76561198025042291
76561198025043476
76561198025051072
76561198025057264
76561198025073129
76561198025093702
76561198025116812
76561198025120951
76561198025180939
76561198025185286
76561198025211539
76561198025217469
76561198025241988
76561198025244050
76561198025289266
76561198025294001
76561198025323682
76561198025348996
76561198025388398
76561198025423259
76561198025461592
76561198025469149
76561198025506309
76561198025514383
76561198025526291
76561198025551992
76561198025673389
76561198025703084
76561198025790992
76561198025805770
76561198025810458
76561198026123775
76561198026500455
76561198026828587
76561198026955431
76561198026982076
76561198026983259
76561198026997051
76561198027015385
76561198027031083
76561198027073784
76561198027180716
76561198027333365
76561198027383274
76561198027401190
76561198027552447
76561198027731462
76561198027738762
76561198027773468
76561198027808250
76561198027862551
76561198028025946
76561198028074748
76561198028093663
76561198028258555
76561198028350038
76561198028602470
76561198028667185
76561198028705366
76561198028760816
76561198028762518
76561198029100361
76561198029150354
76561198029210217
76561198029389968
76561198029527161
76561198029534961
76561198030027811
76561198030333735
76561198030364514
76561198030459308
76561198030474557
76561198030790674
76561198030831431
76561198030866904
76561198030980268
76561198031609317
76561198031911873
76561198031925706
76561198032247771
76561198032429484
76561198032553754
76561198032621079
76561198032670710
76561198032696446
76561198032797613
76561198032817833
76561198032945956
76561198032973398
76561198033273887
76561198033541356
76561198033768081
76561198034002472
76561198034087514
76561198034126776
76561198034151384
76561198034152567
76561198034236187
76561198034249445
76561198034297875
76561198034330434
76561198034663705
76561198034869623
76561198035007277
76561198035316970
76561198035335630
76561198035335730
76561198035382762
76561198035387429
76561198035451211
76561198035764508
76561198035813328
76561198035848748
76561198035903942
76561198036624033
76561198036701353
76561198036808180
76561198036815105
76561198037019019
76561198037093935
76561198037256088
76561198037486863
76561198037594619
76561198038078789
76561198038079261
76561198038107144
76561198038177917
76561198038263137
76561198038585494
76561198039091178
76561198039237619
76561198039430300
76561198039689187
76561198039734671
76561198039880116
76561198039917194
76561198040007202
76561198040162854
76561198040197848
76561198040427026
76561198040523051
76561198040545381
76561198040639555
76561198040644404
76561198040680299
76561198040700298
76561198040758804
76561198040814298
76561198040842863
76561198040904300
76561198040927491
76561198040979515
76561198041093548
76561198041272753
76561198041284675
76561198041307414
76561198041400449
76561198041401772
76561198041424515
76561198041522778
76561198041597979
76561198041695606
76561198041731194
76561198041905702
76561198041918843
76561198041955717
76561198042165061
76561198042196057
76561198042222824
76561198042290928
76561198042323542
76561198042383093
76561198042401849
76561198042648122
76561198042723245
76561198042831081
76561198042881794
76561198043185655
76561198043406732
76561198043588164
76561198043727879
76561198043727907
76561198043767221
76561198043792250
76561198043795906
76561198043802429
76561198043808998
76561198043817827
76561198043825929
76561198043827317
76561198043835726
76561198043891220
76561198043900535
76561198043926043
76561198044067612
76561198044136838
76561198044164840
76561198044267023
76561198044313453
76561198044330023
76561198044429169
76561198044441453
76561198044446802
76561198044541427
76561198044794882
76561198044874496
76561198044947047
76561198045062439
76561198045073543
76561198045109017
76561198045127316
76561198045182377
76561198045316792
76561198045965278
76561198045971145
76561198046022751
76561198046090535
76561198046309709
76561198046489987
76561198046714209
76561198046727514
76561198046772497
76561198046869008
76561198046945161
76561198047082421
76561198047226234
76561198047384465
76561198047442580
76561198047539280
76561198047669191
76561198047737605
76561198048284720
76561198048315973
76561198048530931
76561198048657222
76561198048794065
76561198048807816
76561198048828237
76561198048843887
76561198048916501
76561198049308661
76561198049360819
76561198049491727
76561198050226965
76561198050458446
76561198050691649
76561198050700238
76561198051010896
76561198051158518
76561198051303309
76561198051365438
76561198051440507
76561198051589573
76561198051796297
76561198052588672
76561198052657164
76561198052894853
76561198052960511
76561198053377180
76561198053392310
76561198053540474
76561198053555823
76561198053619641
76561198053655043
76561198053744908
76561198053942751
76561198054094338
76561198054301200
76561198054465337
76561198054522862
76561198054679704
76561198054773976
76561198054783207
76561198054901258
76561198055073439
76561198055397948
76561198055457028
76561198055497150
76561198055770803
76561198056337476
76561198056409335
76561198056720904
76561198056790546
76561198057146563
76561198057265871
76561198057357018
76561198057370133
76561198057931362
76561198057961078
76561198058012585
76561198058096215
76561198058973856
76561198058992593
76561198059012554
76561198059348043
76561198059527191
76561198060004742
76561198060270149
76561198060589875
76561198060931939
76561198060972598
76561198061393233
76561198061404730
76561198061451365
76561198062592704
76561198063332226
76561198063428086
76561198063484392
76561198063650348
76561198063787373
76561198064047346
76561198064129163
76561198064501118
76561198064644432
76561198064889025
76561198064930355
76561198065005295
76561198065372126
76561198065551809
76561198065699741
76561198065737841
76561198065832350
76561198066194918
76561198066359051
76561198066452632
76561198066930028
76561198067150079
76561198067257248
76561198067446690
76561198067770877
76561198068783297
76561198069022043
76561198069985850
76561198070162468
76561198070267492
76561198070402462
76561198070644433
76561198070794147
76561198071023972
76561198071587632
76561198071903006
76561198071911974
76561198071919374
76561198072009006
76561198072028973
76561198072198735
76561198072559211
76561198072570108
76561198073035342
76561198073163002
76561198073262839
76561198073317997
76561198073577358
76561198073971712
76561198075216171
76561198075889025
76561198076521557
76561198077663280
76561198077770754
76561198077937301
76561198078027032
76561198078102877
76561198078175343
76561198078647895
76561198078806690
76561198078995329
76561198079032415
76561198080328846
76561198080732225
76561198080816993
76561198081054276
76561198081075389
76561198081379202
76561198081381929
76561198081752611
76561198082328154
76561198082509565
76561198082757678
76561198083550415
76561198084086100
76561198085020731
76561198085148279
76561198085353633
76561198085698351
76561198085772203
76561198086033107
76561198086343120
76561198086787072
76561198086968257
76561198087242976
76561198088141277
76561198088733452
76561198088747537
76561198089217793
76561198089677484
76561198089781883
76561198090022089
76561198090569870
76561198093702419
76561198093722801
76561198094409912
76561198094443019
76561198095175312
76561198095206396
76561198095284022
76561198096011684
76561198096902741
76561198096994840
76561198097544040
76561198097586740
76561198097630978
76561198097714525
76561198098270939
76561198098301136
76561198098801190
76561198100984497
76561198101004471
76561198101294348
76561198102308176
76561198103026924
76561198105542990
76561198106024579
76561198106085467
76561198106775749
76561198107669903
76561198108335459
76561198109693087
76561198109897287
76561198111193519
76561198111375946
76561198111937895
76561198112025005
76561198113085791
76561198115055051
76561198115170101
76561198116150484
76561198116378582
76561198116984380
76561198117272374
76561198117915037
76561198118124649
76561198118768393
76561198118947737
76561198119159653
76561198119413843
76561198120630389
76561198122826308
76561198123654919
76561198124194028
76561198124979638
76561198126225326
76561198126363297
76561198126451041
76561198127140715
76561198127297464
76561198127810903
76561198128294742
76561198128417528
76561198128472773
76561198130544825
76561198131978591
76561198132940478
76561198135017661
76561198135887873
76561198138558085
76561198139154591
76561198139900439
76561198140828431
76561198141020869
76561198141768807
76561198144733597
76561198148867067
76561198151570110
76561198153873329
76561198156463721
76561198156905859
76561198157421374
76561198167173433
76561198167237205
76561198167295809
76561198168521475
76561198169021117
76561198170729831
76561198182351619
76561198190634131
76561198193447507
76561198193621963
76561198194552011
76561198195260489
76561198201872517
76561198205517569
76561198216924132
76561198229718176
76561198237262216
76561198242513808
76561198246128874
76561198248778074
76561198250393756
76561198258157530
76561198258588707
76561198260376588
76561198268773514
76561198274712969
76561198274848718
76561198280499375
76561198284607751
76561198289330123
76561198289373309
76561198304205769
76561198304981537
76561198311736918
76561198312213854
76561198314470316
76561198315351842
76561198326500377
76561198346319810
76561198355140193
76561198359900093
76561198361272906
76561198368969342
76561198374615514
76561198374952367
76561198385893562
76561198392219608
76561198403543025
76561198409822747
76561198436142796
76561198441792110
76561198795432360
76561198805028655
76561198812702541
76561198818144892